1		0		0		0		0		0		0		0		0		0
1		3		9		27		81		243		729		2187		6561		19683
1		5		25		125		625		3125		15625		78125		390625		1953125
1		8		64		512		4096		32768		262144		2097152		16777216		134217728
1		13		169		2197		28561		371293		4826809		62748517		815730721		10604499373
0		1		0		0		0		0		0		0		0		0
0		1		6		27		108		405		1458		5103		17496		59049
0		1		10		75		500		3125		18750		109375		625000		3515625
0		1		16		192		2048		20480		196608		1835008		16777216		150994944
0		1		26		507		8788		142805		2227758		33787663		501988136		7341576489
