1.3
0.43745
0
0.39093
1.5
0.6251
0.46911
-0.4349
1.95
0.71834
-0.31371
2.36
2.1
0.87606
1.1023
-1.7089
2.6
0.69672
-1.461
0.8605
2.7
-0.05904
-0.4284
0.13737
2.4
-0.49636
-0.057513
0.10047
2.15
-0.47852
0.093192
1.3026
2.05
-0.070915
1.2655
-1.5785
2.1
0.26218
-0.15518
0.042999
2.25
0.080818
-0.026183
-0.0046351
2.3
0.014547
-0.040089
-0.024458
2.25
-0.139
-0.11346
0.017472
1.95
-0.33584
-0.050562
-0.012728
1.4
-0.53183
-0.1002
-0.020325
0.9
-0.73118
-0.14898
1.2134
0.7
-0.49295
0.94308
-0.83927
0.6
-0.14134
-0.064048
0.036382
0.5
-0.1789
0.0014396
-0.44797
0.4
-0.39277
-0.53613
0.5957
