1.300000
1.500000
1.500000
1.950000
1.950000
2.100000
2.100000
2.600000
2.600000
2.700000
2.700000
2.400000
2.400000
2.150000
2.150000
2.050000
2.050000
2.100000
2.100000
2.250000
2.250000
2.300000
2.300000
2.250000
2.250000
1.950000
1.950000
1.400000
1.400000
0.900000
0.900000
0.700000
0.700000
0.600000
0.600000
0.500000
0.500000
0.400000
0.400000
0.250000
0.000000
0.000000
0.000000
0.000000
0.000000
0.000000
0.000000
0.000000
0.000000
0.000000
0.000000
0.000000
0.000000
0.000000
0.000000
0.000000
0.000000
0.000000
0.000000
0.000000
0.000000
0.000000
0.000000
0.000000
0.000000
0.000000
0.000000
0.000000
0.000000
0.000000
0.000000
0.000000
0.000000
0.000000
0.000000
0.000000
0.000000
0.000000
0.000000
0.000000
